''' Other Waypoint Code from Adi
    #Adi: Part 1
    waypoints = [starting_joint_states, [0.106235115125885, 1.37606352480331, 1.39334696175522, -0.420497336506435, 1.59227563078897, -0.52, 1.47382850504935, 0.0509967387614102], [0.357974887270042, 1.02953832290129, 1.1120673936905, -0.415498501755318, 1.79970946338367, -0.92405834419338, 1.4542944913284, -0.207940361854241], [0.200744649781226, 1.24926751395852, 0.755091164112393, -0.00268870852003267, 1.74339999539584, -0.712255651205343, 0.942508484549711, 0.619291703500511], [0.119794040645698, 1.33871095235714, 0.400098606767764, -0.373629239435118, 1.75305031308584, -0.506757666051433, 1.37533384982841, 0.90522106163889], [0.208202922038813, 1.11368441113305, -0.119901393232236, -0.152885332368672, 2.06432680267215, -0.774439324365845, 0.9890421038736, 1.1651435866182], [0.178054805603152, 1.22748137225951, 0.064635415579831, 0.843113409910906, 0.993640978710236, -1.79310541253395, 0.251641571454754, 2.19863258055732], [0.127289748562299, 0.997175518651635, 0.474512149390198, 1.36311340991091, 0.52005395609246, -1.99322761859398, 0.681872078965692, 2.67465341593641], [0.24639855138333, 1.13795487970897, 0.424511833042091, 1.86994323893161, 0.893667890715115, -2.26734423959981, 0.915675326829185, 2.28335323526018], [0.313885665453301, 0.562922266929196, -0.145252703743405, 2.4988729261165, 1.40382031551758, -2.94597753894417, 0.669219822218754, 2.50281901111157], [0.118429956522941, -0.342627788628036, 0.170802693769544, 3.17717350755562, 1.87710563661761, -3.16746335061948, 1.03917742161299, 2.14931137502374], [0.13951225411896, 0.177372211371964, 0.669570517828946, 3.16871622633316, 2.01004541446168, -3.55499255270217, 1.20856988888469, 1.83257462777608], [0.342009765026439, 0.603033629069347, 0.818687809758623, 3.31057461898144, 0.848715586415808, -4.82148658189959, 1.47040524682231, 1.54549869395757]]
    
    #Adi: Part 2:
    waypoints = [starting_joint_states, [0.18132, 0.249076, 0.153913, 1.47009, 1.48902, -0.125871, -1.74715, -1.45724], 
           [0.352103, -0.267906, -0.592047, 1.61856, 1.63002, 0.767981, 0.181624, -1.41734], 
           [0.361203, -0.398541, -0.547667, 3.47927, 1.1809745, 1.3205005, 0.276377, -1.45165],
           [0.370303, -0.529175, -0.503286, 5.33998, 0.731929, 1.87302, 0.37113, -1.48596]]
    waypoints = [starting_joint_states, [0.18132, 0.249076, 0.153913, 1.47009, 1.48902, -0.125871, -1.74715, -1.45724]] 
    '''